0.3	0
0.30025	0
0.3005	0
0.30075	0
0.301	0
0.30125	0.025
0.3015	0
0.30175	0
0.302	0
0.30225	0
0.3025	0.025
0.30275	0
0.303	0
0.30325	0
0.3035	0
0.30375	0
0.304	0
0.30425	0
0.3045	0
0.30475	0
0.305	0
0.30525	0
0.3055	0
0.30575	0.025
0.306	0
0.30625	0
0.3065	0
0.30675	0
0.307	0.025
0.30725	0.025
0.3075	0.025
0.30775	0.025
0.308	0.125
0.30825	0
0.3085	0.025
0.30875	0.175
0.309	0.15
0.30925	0.125
0.3095	0.15
0.30975	0.1
0.31	0.2
0.31025	0.075
0.3105	0.125
0.31075	0.225
0.311	0.125
0.31125	0.2
0.3115	0.375
0.31175	0.3
0.312	0.325
0.31225	0.3
0.3125	0.45
0.31275	0.425
0.313	0.425
0.31325	0.6
0.3135	0.475
0.31375	0.4
0.314	0.725
0.31425	0.55
0.3145	0.675
0.31475	0.575
0.315	0.725
0.31525	0.675
0.3155	0.85
0.31575	0.775
0.316	0.8
0.31625	0.825
0.3165	0.825
0.31675	0.875
0.317	0.85
0.31725	0.9
0.3175	0.925
0.31775	0.925
0.318	0.925
0.31825	0.975
0.3185	0.925
0.31875	0.975
0.319	1
0.31925	0.975
0.3195	1
0.31975	1
0.32	0.975
