0.5	0	0.376119
0.505	0	0.379064
0.51	0	0.381887
0.515	0	0.384932
0.52	0	0.387751
0.525	0	0.390719
0.53	0	0.393482
0.535	0	0.39634
0.54	0	0.399136
0.545	0	0.402133
0.55	0	0.404833
0.555	0	0.407555
0.56	0	0.410497
0.565	0	0.413175
0.57	0	0.415992
0.575	0	0.41877
0.58	0	0.421491
0.585	0	0.42418
0.59	0	0.426942
0.595	0	0.42954
0.6	0	0.432339
0.605	0	0.434946
0.61	0	0.437615
0.615	0	0.440332
0.62	0	0.442908
0.625	0	0.44549
0.63	0	0.448146
0.635	0	0.450794
0.64	0	0.453263
0.645	0	0.455884
0.65	0	0.45845
0.655	0	0.46101
0.66	0	0.463542
0.665	0	0.466038
0.67	0	0.468627
0.675	0	0.471026
0.68	0	0.473526
0.685	0	0.476081
0.69	0	0.478496
0.695	0	0.480944
0.7	0	0.483315
0.705	0	0.485865
0.71	0	0.488203
0.715	0	0.490647
0.72	0	0.493042
0.725	0	0.49539
0.73	0	0.497867
0.735	0	0.50012
0.74	0	0.502484
0.745	0	0.504838
0.75	0	0.507185
0.755	0	0.509481
0.76	0	0.511817
0.765	0	0.514114
0.77	0	0.516321
0.775	0	0.51868
0.78	0	0.521052
0.785	0	0.52326
0.79	0	0.525452
0.795	0	0.527672
0.8	0	0.529844
0.805	8.19423e-06	0.532175
0.81	8.77592e-06	0.534235
0.815	0	0.536539
0.82	4.4731e-05	0.538604
0.825	0.00011435	0.540972
0.83	0.000210723	0.54309
0.835	0.000367766	0.545179
0.84	0.000575308	0.547328
0.845	0.000922557	0.54941
0.85	0.00154059	0.551619
0.855	0.00159474	0.55372
0.86	0.00243048	0.55582
0.865	0.00300138	0.557849
0.87	0.00365714	0.559928
0.875	0.00435168	0.562039
0.88	0.00516752	0.564062
0.885	0.00553682	0.566177
0.89	0.0064018	0.568129
0.895	0.00736633	0.570168
0.9	0.00820551	0.572205
0.905	0.00923717	0.574175
0.91	0.0101888	0.576279
0.915	0.0112057	0.578135
0.92	0.0127405	0.580201
0.925	0.013404	0.582214
0.93	0.014578	0.584246
0.935	0.0157193	0.586045
0.94	0.017081	0.58806
0.945	0.0184595	0.58996
0.95	0.0203273	0.591984
0.955	0.0217517	0.593825
0.96	0.0236376	0.595668
0.965	0.0253206	0.597628
0.97	0.0267409	0.599544
0.975	0.0293628	0.60148
0.98	0.0304943	0.603405
0.985	0.0336443	0.605188
0.99	0.0361203	0.607064
0.995	0.0381181	0.608891
1	0.0406075	0.610779
1.005	0.043141	0.612558
1.01	0.04574	0.614376
1.015	0.0480318	0.616146
1.02	0.0515765	0.618015
1.025	0.0549296	0.619855
1.03	0.057844	0.621638
1.035	0.0607136	0.623385
1.04	0.0643174	0.625118
1.045	0.0674722	0.626913
1.05	0.070635	0.62873
1.055	0.074464	0.630512
1.06	0.0780716	0.632209
1.065	0.0798513	0.633838
1.07	0.0835094	0.635635
1	0.0468448	0.610488
1.005	0.0496349	0.612278
1.01	0.0526356	0.614129
1.015	0.0549175	0.615922
1.02	0.0581	0.617808
1.025	0.0591547	0.619592
1.03	0.0617488	0.621463
1.035	0.0646401	0.62293
1.04	0.0673976	0.62467
1.045	0.0720354	0.626478
1.05	0.0747365	0.628366
1.055	0.075738	0.629968
1.06	0.0806007	0.631859
1.065	0.0836151	0.633557
1.07	0.0857235	0.635276
1.075	0.0901727	0.637086
1.08	0.0917261	0.638642
1.085	0.0971063	0.640267
1.09	0.099185	0.641982
1.095	0.101716	0.64368
1.1	0.106494	0.645518
1.1	0.106987	0.645285
1.105	0.110105	0.647196
1.11	0.113062	0.648897
1.115	0.116788	0.650453
1.12	0.119308	0.652218
1.125	0.122605	0.653864
1.13	0.125554	0.655365
1.135	0.128784	0.657035
1.14	0.131614	0.658614
1.145	0.135345	0.660061
1.15	0.137333	0.661656
1.155	0.141771	0.663192
1.16	0.14601	0.665128
1.165	0.146767	0.666486
1.17	0.151338	0.668055
1.175	0.154125	0.669443
1.18	0.15781	0.671344
1.185	0.160724	0.673058
1.19	0.164941	0.674235
1.195	0.167625	0.675656
1.2	0.17166	0.677461
1.205	0.174345	0.678961
1.21	0.176297	0.680143
1.215	0.179114	0.681626
1.22	0.182783	0.683503
1.225	0.187183	0.685012
1.23	0.187618	0.68627
1.235	0.19248	0.687586
1.24	0.195776	0.689308
1.245	0.197088	0.690609
1.25	0.202341	0.692426
1.255	0.205942	0.693522
1.26	0.20878	0.695086
1.265	0.210779	0.696492
1.27	0.214292	0.698082
1.275	0.21648	0.699314
1.28	0.221536	0.700862
1.285	0.222728	0.702237
1.29	0.226545	0.703583
1.295	0.228699	0.704893
1.3	0.234174	0.706475
1.3	0.23233	0.706409
1.305	0.235183	0.707804
1.31	0.239127	0.709111
1.315	0.241066	0.710391
1.32	0.24392	0.711678
1.325	0.247179	0.713
1.33	0.248918	0.714269
1.335	0.252667	0.715705
1.34	0.255226	0.717028
1.345	0.260054	0.718547
1.35	0.261132	0.719842
1.355	0.26479	0.721163
1.36	0.268592	0.722666
1.365	0.271445	0.724031
1.37	0.274079	0.724984
1.375	0.275905	0.726293
1.38	0.280439	0.72784
1.385	0.282181	0.728951
1.39	0.285841	0.73031
1.395	0.287698	0.731285
1.4	0.290982	0.732781
1.405	0.292236	0.733704
1.41	0.296715	0.735186
1.415	0.299335	0.736479
1.42	0.301881	0.737822
1.425	0.305941	0.739424
1.43	0.307684	0.740469
1.435	0.310096	0.741405
1.44	0.3127	0.742658
1.445	0.315712	0.743711
1.45	0.319227	0.745291
1.455	0.320102	0.746098
1.46	0.323782	0.747573
1.465	0.326448	0.748755
1.47	0.329299	0.749563
1.475	0.332989	0.751158
1.48	0.334318	0.751993
1.485	0.338083	0.753278
1.49	0.340448	0.754642
1.495	0.343014	0.755854
1.5	0.34501	0.756737
